Risk,Expected Return,Remaining Fund,Selected Stocks
45638.66812968709564302117,43169.50360737811570288613,0.00000000000000000000,MRK:0.2180451128; VZ:0.0751879699; AMGN:0.6766917293; BA:0.0300751880; 
45638.7060524779,43395.3368274045,0.0000000000,MRK:0.2116788321; VZ:0.0729927007; AMGN:0.6861313869; BA:0.0291970803; 
45683.3451716952,43462.5743267458,0.0000000000,MRK:0.2101449275; VZ:0.0797101449; AMGN:0.6811594203; BA:0.0289855072; 
45757.8974472616,43707.7865533597,0.0000000000,MRK:0.1907894737; VZ:0.0526315789; AMGN:0.7236842105; HON:0.0065789474; BA:0.0263157895; 
45775.6020015899,44070.8195968380,0.0000000000,MRK:0.1920529801; VZ:0.0529801325; AMGN:0.7284768212; BA:0.0264900662; 
45816.1501632755,44182.8900527010,0.0000000000,MRK:0.1895424837; VZ:0.0653594771; AMGN:0.7189542484; BA:0.0261437908; 
45922.9860569458,44344.1455415020,0.0000000000,MRK:0.1845238095; VZ:0.0595238095; AMGN:0.7261904762; GS:0.0059523810; BA:0.0238095238; 
45993.6343693256,44467.8964057971,0.0000000000,MRK:0.1746987952; VZ:0.0602409639; AMGN:0.7349397590; GS:0.0060240964; BA:0.0240963855; 
46014.8156576870,44507.1223056654,0.0000000000,MRK:0.1736526946; VZ:0.0598802395; AMGN:0.7365269461; GS:0.0059880240; BA:0.0239520958; 
46063.3194366045,44673.6491884058,0.0000000000,MRK:0.1757575758; VZ:0.0606060606; AMGN:0.7393939394; BA:0.0242424242; 
46183.9917142406,44867.6273438736,0.0000000000,MRK:0.1705882353; VZ:0.0647058824; AMGN:0.7411764706; BA:0.0235294118; 
46524.8475645827,45236.3193702240,0.0000000000,MRK:0.1865671642; VZ:0.0820895522; AMGN:0.7014925373; GS:0.0149253731; BA:0.0149253731; 
46706.4083200290,45281.2727404479,0.0000000000,MRK:0.1726190476; VZ:0.0595238095; AMGN:0.7321428571; GS:0.0119047619; CAT:0.0119047619; BA:0.0119047619; 
46761.4647851618,45540.2218577075,0.0000000000,MRK:0.1883116883; VZ:0.0714285714; AMGN:0.7142857143; GS:0.0129870130; BA:0.0129870130; 
46863.6878983155,45666.3986455863,0.0000000000,MRK:0.1550387597; VZ:0.0852713178; AMGN:0.7286821705; GS:0.0155038760; BA:0.0155038760; 
46949.9573797756,45700.0263267458,0.0000000000,MRK:0.1920529801; VZ:0.0728476821; AMGN:0.7152317881; GS:0.0066225166; BA:0.0132450331; 
46978.8807106942,45888.3097575757,0.0000000000,MRK:0.1757575758; VZ:0.0606060606; AMGN:0.7393939394; GS:0.0121212121; BA:0.0121212121; 
47057.2950642453,46046.3897628459,0.0000000000,MRK:0.1705882353; VZ:0.0647058824; AMGN:0.7411764706; GS:0.0117647059; BA:0.0117647059; 
47230.4658359087,46165.3990724638,0.0000000000,MRK:0.1438356164; VZ:0.0753424658; AMGN:0.7534246575; GS:0.0136986301; BA:0.0136986301; 
47288.2112495069,46334.5376337286,0.0000000000,MRK:0.1506024096; VZ:0.0662650602; AMGN:0.7590361446; GS:0.0120481928; BA:0.0120481928; 
47340.9474823130,46378.9053570488,0.0000000000,MRK:0.1458333333; VZ:0.0763888889; AMGN:0.7569444444; GS:0.0069444444; BA:0.0138888889; 
47531.7998654117,46483.8442503294,0.0000000000,MRK:0.1676300578; VZ:0.0635838150; AMGN:0.7283236994; GS:0.0346820809; CAT:0.0057803468; 
47583.4681662509,46660.0934492754,0.0000000000,MRK:0.1458333333; VZ:0.0763888889; AMGN:0.7638888889; BA:0.0138888889; 
47665.4844086599,46810.7030803690,0.0000000000,MRK:0.1587301587; VZ:0.0873015873; AMGN:0.7142857143; GS:0.0396825397; 
47871.9592888281,46982.0242028986,0.0000000000,MRK:0.1438356164; VZ:0.0753424658; AMGN:0.7397260274; GS:0.0410958904; 
47918.1123167380,47168.2289459816,0.0000000000,MRK:0.1558441558; VZ:0.0974025974; AMGN:0.7142857143; GS:0.0324675325; 
48214.8437903312,47365.2884031621,0.0000000000,MRK:0.1562500000; VZ:0.0859375000; AMGN:0.7343750000; GS:0.0156250000; CAT:0.0078125000; 
48373.4370976880,47561.3568748353,0.0000000000,V:0.0083333333; MRK:0.1333333333; VZ:0.0916666667; AMGN:0.7500000000; GS:0.0166666667; 
48497.2476854049,47695.1990144928,0.0000000000,MRK:0.1626016260; VZ:0.0894308943; AMGN:0.7317073171; GS:0.0162601626; 
48589.0120178208,47797.1085243742,0.0000000000,MRK:0.1574803150; VZ:0.0866141732; AMGN:0.7401574803; GS:0.0157480315; 
48660.8342712509,47945.5492516470,0.0000000000,MRK:0.1526717557; VZ:0.1145038168; AMGN:0.7175572519; GS:0.0152671756; 
48858.7308431266,48009.9474598156,0.0000000000,MRK:0.1478873239; VZ:0.0774647887; AMGN:0.7605633803; GS:0.0140845070; 
48912.9659662698,48151.1320474308,0.0000000000,MRK:0.1344537815; VZ:0.0924369748; AMGN:0.7563025210; GS:0.0168067227; 
49180.2775813061,48361.6476389987,0.0000000000,MRK:0.1468531469; VZ:0.1048951049; AMGN:0.7412587413; GS:0.0069930070; 
49319.7252450834,48469.8745928854,0.0000000000,CVX:0.0069930070; MRK:0.1398601399; VZ:0.1048951049; AMGN:0.7412587413; GS:0.0069930070; 
49442.0218986917,48483.5627220027,0.0000000000,MRK:0.1354838710; VZ:0.0967741935; AMGN:0.7612903226; DD:0.0064516129; 
49623.7174079253,48604.0424927536,0.0000000000,MRK:0.1288343558; VZ:0.0920245399; AMGN:0.7730061350; DD:0.0061349693; 
49645.9496196342,48701.7398234519,0.0000000000,MRK:0.1467889908; VZ:0.1376146789; AMGN:0.7155963303; 
49986.1728194716,48851.7700421608,0.0000000000,MRK:0.1126760563; VZ:0.1056338028; AMGN:0.7746478873; DD:0.0070422535; 
50096.3056732277,49007.5837127800,0.0000000000,CVX:0.0061728395; MRK:0.1234567901; VZ:0.0925925926; AMGN:0.7777777778; 
50378.8589189583,49026.9992384717,0.0000000000,JPM:0.0070422535; MRK:0.1126760563; VZ:0.1056338028; AMGN:0.7746478873; 
50379.8828183384,49207.8077839262,0.0000000000,MRK:0.1134751773; VZ:0.1063829787; AMGN:0.7801418440; 
50507.0613281791,49294.5975994730,0.0000000000,CVX:0.0071942446; MRK:0.1079136691; VZ:0.1079136691; AMGN:0.7769784173; 
50872.8347462408,49420.0049143610,0.0000000000,CVX:0.0075187970; MRK:0.0977443609; VZ:0.0827067669; AMGN:0.8120300752; 
51198.3029424341,49535.1257285902,0.0000000000,MRK:0.0916030534; VZ:0.0839694656; AMGN:0.8244274809; 
51376.9787384339,49678.8403610013,0.0000000000,CVX:0.0064516129; MRK:0.0838709677; VZ:0.0967741935; AMGN:0.8129032258; 
51697.1933612533,49780.8348985508,0.0000000000,MRK:0.0784313725; VZ:0.0980392157; AMGN:0.8235294118; 
51918.2061586256,49904.6244426878,0.0000000000,CVX:0.0173913043; MRK:0.0695652174; VZ:0.0956521739; AMGN:0.8173913043; 
52231.0441143120,49985.7938076417,0.0000000000,CVX:0.0289855072; MRK:0.0652173913; VZ:0.1086956522; AMGN:0.7971014493; 
52237.6960893910,49994.1963689065,0.0000000000,MRK:0.0671641791; VZ:0.1119402985; AMGN:0.8208955224; 
52489.0094126861,50107.4724137023,0.0000000000,CVX:0.0148148148; MRK:0.0592592593; VZ:0.1111111111; AMGN:0.8148148148; 
52868.5870628364,50147.2185507246,0.0000000000,MRK:0.0550458716; VZ:0.0825688073; AMGN:0.8623853211; 
53078.5573355400,50274.2000895915,0.0000000000,CVX:0.0357142857; MRK:0.0446428571; VZ:0.0803571429; AMGN:0.8392857143; 
53449.8459030295,50389.5829380764,0.0000000000,CVX:0.0294117647; MRK:0.0367647059; VZ:0.0661764706; AMGN:0.8676470588; 
53824.2406254889,50517.3688432147,0.0000000000,CVX:0.0310077519; MRK:0.0310077519; VZ:0.0852713178; AMGN:0.8527131783; 
54075.1058763317,50583.7958629777,0.0000000000,CVX:0.0185185185; MRK:0.0277777778; VZ:0.0833333333; AMGN:0.8703703704; 
54887.0006324198,50694.1465981555,0.0000000000,MRK:0.0316455696; VZ:0.1708860759; AMGN:0.7974683544; 
55066.0538980690,50855.1052595522,0.0000000000,CVX:0.0373831776; MRK:0.0093457944; VZ:0.0747663551; AMGN:0.8785046729; 
55233.1139099384,50894.0493043478,0.0000000000,CVX:0.0188679245; MRK:0.0094339623; VZ:0.0849056604; AMGN:0.8867924528; 
55629.8663143939,50988.3604822135,0.0000000000,CVX:0.0330578512; VZ:0.0578512397; AMGN:0.9090909091; 
56075.4283801656,51092.2654413702,0.0000000000,CVX:0.0310077519; VZ:0.1162790698; AMGN:0.8527131783; 
56437.9099002028,51137.2551357049,0.0000000000,VZ:0.1200000000; AMGN:0.8800000000; 
56508.0953846986,51151.9490487484,0.0000000000,VZ:0.1282051282; AMGN:0.8717948718; 
57208.1637770033,51234.8459341239,0.0000000000,VZ:0.1764705882; AMGN:0.8235294118; 
59057.1593079880,51356.3463293808,0.0000000000,VZ:0.2459016393; AMGN:0.7540983607; 
59980.5523620897,51401.5650698288,0.0000000000,VZ:0.2716763006; AMGN:0.7283236994; 
65887.0226100377,51479.1504479579,0.0000000000,MRK:0.0092165899; VZ:0.4055299539; AMGN:0.5852534562; 
65995.5202716341,51481.8904031621,0.0000000000,MRK:0.0092592593; VZ:0.4074074074; AMGN:0.5833333333; 
66718.3261043141,51502.7263952570,0.0000000000,MRK:0.0092165899; VZ:0.4193548387; AMGN:0.5714285714; 
66783.2481830829,51640.9525797102,0.0000000000,VZ:0.4093023256; AMGN:0.5906976744; 
66896.8641877525,51643.9010803690,0.0000000000,VZ:0.4112149533; AMGN:0.5887850467; 
67625.8066705985,51664.2898972332,0.0000000000,VZ:0.4232558140; AMGN:0.5767441860; 
68953.4280732869,51701.7587457181,0.0000000000,VZ:0.4444444444; AMGN:0.5555555556; 
80349.1328585107,51977.0519525692,0.0000000000,VZ:0.6026490066; AMGN:0.3973509934; 
84723.9915689298,52070.5815441370,0.0000000000,VZ:0.6567164179; AMGN:0.3432835821; 
